959
2028
3458
3746
5869
6401
6917
11499
16162
16688
16927
18318
18691
19698
20085
20881
23089
23900
27932
28543
28825
29408
29745
30395
31451
32293
32349
33101
33543
37380
38735
39052
39423
40885
41074
41421
42216
43598
44353
44612
45062
47502
48108
48661
48699
48957
50048
51364
51741
52625
53036
55666
61292
61305
61657
63636
63664
64200
64749
64842
66952
68525
71448
71622
71730
74934
76984
77445
77589
78035
79132
79168
79290
81348
82387
83198
83635
84123
84143
85139
85964
86852
87440
89891
91064
91217
93265
95559
96083
97574
97601
98213
99933
100339
102619
102973
104115
104133
111078
111100
123908
133821
134165
134188
134497
134637
134669
138030
138192
138428
139778
139947
142106
142387
142606
144957
145084
148039
148201
149301
151200
153349
153552
154946
155824
157288
158711
159002
159500
159702
160296
161968
162232
172466
173221
173911
173988
174992
176434
178829
181013
181350
198690
200853
206093
207217
215055
215319
215956
216394
217297
217565
219821
225286
226117
227253
230778
235298
236708
237732
237775
238390
238476
239044
250274
251924
252438
253896
254477
258026
259898
260248
261288
261668
262097
262438
263793
264251
266643
266728
266859
271614
278330
282067
283878
285716
285915
288505
288511
292376
296202
299854
301023
302297
302461
303075
303694
303727
304324
304814
304928
307106
307131
311816
312461
313081
315132
315740
318290
319286
321191
321961
326330
326537
327143
328819
350309
350412
350933
355469
358490
362272
362558
363979
364735
366881
369574
369632
369740
370985
371177
373142
374408
377301
378791
379925
381051
381583
383821
384769
391379
391852
393261
394234
394269
394303
394526
394644
395207
397115
398331
400239
401613
402237
403158
411931
412442
412707
413730
415078
415132
422180
423446
423919
425283
425619
426628
427337
431781
433098
433312
433355
433813
447934
449729
450320
451878
453156
456373
456726
457328
459550
463383
463834
464883
467633
468749
471709
471936
473086
473606
475480
478877
480630
481071
481429
481562
481889
482706
485240
486110
488920
489292
489926
490658
490755
490917
498429
498877
499285
501968
502989
503558
503982
504768
511027
511105
511312
511391
518960
522077
522711
523523
523876
525339
525712
525876
527224
528690
529618
530249
530339
530374
532187
532392
532893
533514
533563
534396
535342
537710
538495
539345
539759
539789
540912
551889
552930
555975
558011
566755
568003
568645
569587
569965
572029
572473
573017
573612
574459
574761
574795
576925
585711
587505
588821
592977
593247
593369
593651
594018
594058
594070
596587
596602
600082
600479
612627
613515
614071
614313
617777
618110
618416
622437
623070
624461
626462
628925
630689
631196
638058
641938
644116
644310
645099
645469
649609
650722
650788
651561
651815
652545
652820
654550
655680
655794
657162
657772
658865
659202
659644
660973
662295
666306
679964
680150
680775
681236
682013
682954
684348
685015
688200
690376
692902
694668
694865
696302
697189
697242
697450
697832
699350
699796
699972
700436
701112
701712
702390
702690
702795
710408
712044
712501
712750
712872
714688
715570
716016
719039
720213
724526
727517
733925
738099
740486
740493
742008
742082
742146
743308
748613
750143
754065
754599
754640
754812
755736
757363
757569
757731
757792
758427
758860
769921
771045
772269
772443
773176
773339
773696
774776
775033
775144
776203
777144
777160
777597
777685
780919
781322
782978
783089
784757
785547
786389
787497
788310
788527
791632
793207
794991
796857
797657
798007
799117
800651
800779
800838
802590
803053
803200
806470
807604
810892
811495
813445
814433
815040
